MHeadCir,FHeadCir
58,63
60,55
62.5,54.5
63,53.5
59.5,53
59,58.5
60,56
57,54.5
55,55
,56
,56
,54
,56
,53
,51
